# yamllint disable
acc: 0.8615196347236633
end-of-epoch: true
error: 0.13862600922584534
loss: 0.7367507349973642
unixtime: 1739486534.9743874
