# yamllint disable
acc: 0.8627100586891174
end-of-epoch: true
error: 0.1372239738702774
loss: 0.876931741471724
unixtime: 1739486637.2735074
